2
---
single
clusters: [(-896, -120), (-438, 13), (-504, -332), (-963, 752), (-314, 461), (-546, -800), (-229, -469), (-752, 600), (-312, -179), (-467, 178), (-347, -750), (-645, -450), (-683, 888), (-98, -284), (-445, 621), (-519, 529), (-696, -409), (-419, 854)], [(602, 337), (815, 144), (415, -953), (625, 384), (53, -169), (787, -17), (830, -954), (768, -265), (734, -847), (388, -251)], [(444, 974), (512, 724)]
span: 0.92576822, 0.91936785
---
complete
clusters: [(-896, -120), (-438, 13), (-504, -332), (-963, 752), (-314, 461), (-546, -800), (-229, -469), (-752, 600), (-312, -179), (-467, 178), (-347, -750), (-645, -450), (-683, 888), (-98, -284), (-445, 621), (-519, 529), (-696, -409), (-419, 854)], [(415, -953), (53, -169), (830, -954), (768, -265), (734, -847), (388, -251)], [(602, 337), (815, 144), (625, 384), (787, -17), (444, 974), (512, 724)]
span: -0.70497963, -0.74410297
---
average
clusters: [(-896, -120), (-438, 13), (-504, -332), (-963, 752), (-314, 461), (-546, -800), (-229, -469), (-752, 600), (-312, -179), (-467, 178), (-347, -750), (-645, -450), (-683, 888), (-98, -284), (-445, 621), (-519, 529), (-696, -409), (-419, 854)], [(415, -953), (53, -169), (830, -954), (768, -265), (734, -847), (388, -251)], [(602, 337), (815, 144), (625, 384), (787, -17), (444, 974), (512, 724)]
span: 0.20423030, 0.12700857
