3
---
single
clusters: [(-304, -539), (-200, -49), (9, -733), (859, 951), (83, 234), (378, 904), (581, 565), (-437, 164), (-788, -324), (-387, 568), (-363, -245), (916, 575), (885, 672), (400, 228), (664, 769), (-49, 823), (520, 445), (-61, 920), (-460, -494), (409, 903), (-539, -816), (-899, 908), (-27, -76), (-411, -97), (14, 780), (-556, 339), (44, -791), (194, 379), (-525, -728), (-110, 421), (15, 133), (-306, -585), (-5, -599), (-88, -442), (-470, 571), (-249, 854), (994, 557), (-885, -34), (-736, 475), (-285, -797), (-630, 113), (-188, -733), (-172, -221), (-698, -458)], [(507, -855)], [(639, -250), (345, -163), (785, -475), (975, -577), (788, -290)]
span: 0.95098616, 0.88714494
---
complete
clusters: [(-200, -49), (-437, 164), (-788, -324), (-387, 568), (-899, 908), (-411, -97), (-556, 339), (-470, 571), (-885, -34), (-736, 475), (-630, 113)], [(859, 951), (83, 234), (378, 904), (581, 565), (916, 575), (885, 672), (400, 228), (664, 769), (-49, 823), (520, 445), (-61, 920), (409, 903), (14, 780), (194, 379), (-110, 421), (15, 133), (-249, 854), (994, 557)], [(-304, -539), (639, -250), (9, -733), (-363, -245), (345, -163), (507, -855), (785, -475), (-460, -494), (-539, -816), (-27, -76), (44, -791), (-525, -728), (-306, -585), (-5, -599), (-88, -442), (-285, -797), (-188, -733), (975, -577), (-172, -221), (788, -290), (-698, -458)]
span: -0.59516027, -0.99272849
---
average
clusters: [(-200, -49), (-437, 164), (-788, -324), (-387, 568), (-363, -245), (-899, 908), (-411, -97), (-556, 339), (-470, 571), (-885, -34), (-736, 475), (-630, 113), (-698, -458)], [(-304, -539), (639, -250), (9, -733), (345, -163), (507, -855), (785, -475), (-460, -494), (-539, -816), (-27, -76), (44, -791), (-525, -728), (-306, -585), (-5, -599), (-88, -442), (-285, -797), (-188, -733), (975, -577), (-172, -221), (788, -290)], [(859, 951), (83, 234), (378, 904), (581, 565), (916, 575), (885, 672), (400, 228), (664, 769), (-49, 823), (520, 445), (-61, 920), (409, 903), (14, 780), (194, 379), (-110, 421), (15, 133), (-249, 854), (994, 557)]
span: 0.32537333, -0.26897838
